#occurences.dat
#Position A C D E F G H I K L M N P Q R S T V W Y -
0 0 0 0 0 0 0 0 559 750 0 0 0 0 207 1128 0 223 1003 0 0 1773
1 4107 0 0 0 0 5 0 0 0 0 0 0 0 0 0 0 62 590 0 0 879
2 57 10 1 123 10 2 1 676 371 3161 249 14 0 130 81 17 41 235 0 0 464
3 130 12 9 3 721 22 305 6 46 68 13 14 0 16 9 11 13 24 94 3773 354
4 325 1 3030 205 1 55 20 0 104 0 8 388 581 50 55 448 163 4 0 0 205
5 0 101 0 0 2289 0 57 0 0 27 0 81 0 0 14 0 0 1 44 2876 153
6 246 50 515 1123 21 15 56 125 436 61 131 246 123 649 156 286 790 454 0 29 131
7 2758 0 7 72 0 809 0 3 283 11 14 4 874 35 142 424 71 15 0 17 104
8 453 41 414 754 1 149 64 56 242 49 77 269 35 1159 727 419 434 177 15 13 95
9 280 21 619 743 25 508 279 73 231 71 42 772 156 362 206 607 454 80 3 26 85
10 470 3 1330 1168 20 168 141 11 142 6 1 156 919 147 68 557 179 82 0 24 51
11 69 5 2314 508 7 817 52 46 119 29 25 585 4 240 152 278 233 84 2 26 48
12 32 29 992 3962 7 51 74 2 22 7 2 9 0 193 5 62 134 13 0 6 41
13 37 30 0 0 12 0 9 645 0 4413 139 0 2 0 0 0 8 310 20 1 17
14 323 27 248 418 7 361 10 6 82 6 4 259 307 127 52 2558 784 28 0 20 16
15 74 8 0 0 3065 0 0 423 0 1432 213 0 0 1 0 6 9 404 0 0 8
16 233 42 225 527 42 43 157 46 1263 185 109 252 111 453 988 447 307 187 1 20 5
17 630 13 86 1228 9 22 21 120 1815 73 14 7 417 182 487 71 127 301 0 20 0
18 45 0 387 25 0 4570 71 2 13 1 0 407 0 15 12 68 20 0 0 7 0
19 311 30 3048 1585 0 2 3 2 2 9 27 56 0 352 10 58 75 49 8 16 0
20 131 30 36 301 124 9 62 1537 431 439 119 39 83 125 465 77 331 1170 14 120 0
21 17 15 0 0 342 0 0 2396 0 1413 191 0 0 0 0 0 0 1149 0 120 0
22 137 28 215 726 194 11 236 368 275 365 126 166 0 369 300 155 1125 312 45 488 2
23 21 8 76 53 22 23 43 1437 66 865 5 263 0 8 12 3 3 2728 0 2 5
24 33 43 71 51 88 10 125 1315 41 2197 151 6 4 60 153 138 361 674 0 117 5
25 195 10 798 1451 8 256 114 12 507 34 7 680 18 337 484 475 115 16 0 118 8
26 144 12 498 472 93 37 101 76 1456 60 171 170 88 545 813 259 177 178 8 116 169
27 147 173 598 648 20 140 125 394 153 190 80 399 206 270 80 880 531 526 1 49 33
28 190 47 2057 728 5 370 80 19 249 74 4 599 150 216 73 314 238 109 6 95 20
29 221 12 1338 1027 6 764 65 36 240 44 33 349 394 207 122 533 140 42 0 17 53
30 25 2 1137 638 17 2349 124 1 23 35 53 606 45 90 17 59 12 4 0 70 336
31 0 37 0 0 9 0 0 0 0 2 0 0 0 0 3 0 0 1 5536 8 47
32 155 225 0 0 406 6 2 73 0 544 166 0 1 20 3 91 149 75 3064 614 49
33 35 6 100 1113 237 42 37 123 861 592 157 54 1 271 759 87 289 342 179 302 56
34 1189 251 0 0 0 3177 1 124 0 12 2 1 2 0 1 4 7 813 0 0 59
35 86 51 66 1236 26 48 112 98 701 72 134 25 0 318 1380 294 466 353 3 100 74
36 95 320 194 4 92 66 206 499 318 1051 124 802 78 13 373 506 148 466 4 203 81
37 320 27 290 273 8 486 239 202 479 527 118 968 225 345 379 312 122 171 14 51 87
38 263 8 603 185 20 312 60 22 252 77 23 266 10 94 714 397 268 61 1 30 1977
39 20 1 196 60 4 187 10 19 66 10 1 144 37 55 133 201 966 8 0 1 3524
40 32 5 38 118 10 3188 33 2 130 27 6 375 8 96 130 184 37 11 19 5 1189
41 209 81 113 558 19 210 140 84 1056 160 78 157 29 923 1026 128 114 256 2 8 292
42 100 34 76 950 201 4 30 430 350 46 47 29 95 517 485 290 980 621 4 92 262
43 35 1 0 0 11 5257 7 0 10 22 7 3 0 4 0 9 0 0 0 5 272
44 19 7 1 2 525 0 27 791 26 1549 316 23 3 79 6 34 106 284 815 729 301
45 193 42 0 0 2631 0 0 820 0 177 4 0 0 0 0 2 16 1338 0 100 320
46 0 0 0 0 0 0 0 0 0 0 0 0 5259 0 0 0 0 1 0 0 383
