0 1 0.4040474999905438
0 2 0.2840494887241106
0 3 0.22191974955873017
0 4 0.15557836222835822
0 5 0.13551144353238337
0 6 0.15357998935245978
0 7 0.12377386481986297
0 8 0.21661009426657046
0 9 0.2572305757656758
0 10 0.10767901315527412
0 11 0.14382543062061978
0 12 0.19960832319106347
0 13 0.06469996094228962
0 14 0.12589860924779675
0 15 0.10171142544102177
0 16 0.1348909968440193
0 17 0.17184956294185663
0 18 0.08230952929322916
0 19 0.12448550159234038
0 20 0.22805847192692183
0 21 0.09164798064477565
0 22 0.18146090246319324
0 23 0.10124530606728374
0 24 0.15026869801383066
0 25 0.15112018160329432
0 26 0.18753962691656131
0 27 0.22071401818812839
0 28 0.18233952745100807
0 29 0.13049166451251615
0 30 0.18572339214858188
0 31 0.04207160438625244
0 32 0.13503772771731526
0 33 0.15258853890059693
0 34 0.09993457484426313
0 35 0.16847961353338928
0 36 0.19873756148729385
0 37 0.14727160873689932
0 38 0.11470118252072367
0 39 0.10009466229534739
0 40 0.09016432876321405
0 41 0.1258768312410422
0 42 0.18156983510821584
0 43 0.04896129125886277
0 44 0.18922802514568773
0 45 0.16052739083252948
0 46 0.02666786344641344
0 47 0.13001662294543853
1 2 0.3045434282126987
1 3 0.238221998236457
1 4 0.16445477596355806
1 5 0.12397599018575713
1 6 0.10381490081121093
1 7 0.09416063725892213
1 8 0.10917140510327483
1 9 0.1015407290921363
1 10 0.05746350894407695
1 11 0.07694923525418304
1 12 0.06998317009175647
1 13 0.04146318550219508
1 14 0.06417783923180839
1 15 0.23749178421850298
1 16 0.05118134603946065
1 17 0.08299045082138755
1 18 0.04408928975392754
1 19 0.10797751516399795
1 20 0.07459768699613216
1 21 0.1117635859545598
1 22 0.07096123809991534
1 23 0.04169769285620043
1 24 0.06073619726253228
1 25 0.05285171528564481
1 26 0.05886515902066461
1 27 0.0685745297213341
1 28 0.08361646624968669
1 29 0.06323095053751081
1 30 0.0750739736492794
1 31 0.02756828105777183
1 32 0.05906574877550194
1 33 0.0780214841681991
1 34 0.052964188661604406
1 35 0.059074310681897495
1 36 0.09298266123550003
1 37 0.07080077380469102
1 38 0.053729770276741966
1 39 0.08899819405512605
1 40 0.04783162752756724
1 41 0.05980103251478471
1 42 0.0759602173332132
1 43 0.03248746099851748
1 44 0.08581337902023832
1 45 0.04014571363647358
1 46 0.025098166054908062
1 47 0.046128560973065315
2 3 0.4330706567527398
2 4 0.2947342141346919
2 5 0.16397151177654
2 6 0.2571582794514514
2 7 0.22821797306582509
2 8 0.23248815638294335
2 9 0.27992490443576556
2 10 0.17934808768398364
2 11 0.22209539803479025
2 12 0.1314825614931532
2 13 0.07840550642063064
2 14 0.15587530625164447
2 15 0.08328063195449927
2 16 0.150452177322156
2 17 0.20495650382882913
2 18 0.08339700672140507
2 19 0.10723978137007181
2 20 0.16839580167731738
2 21 0.11507315769736194
2 22 0.26323310764216484
2 23 0.15721544795142245
2 24 0.15205787229009496
2 25 0.17057202626372295
2 26 0.2095376016168774
2 27 0.2077198522367468
2 28 0.22285716130838146
2 29 0.15630152509982648
2 30 0.1798883884099298
2 31 0.021088686992188813
2 32 0.14547143457445827
2 33 0.19590220376364786
2 34 0.0617549896388614
2 35 0.16417915633066915
2 36 0.23474375085214083
2 37 0.18046435866082453
2 38 0.15096488343503733
2 39 0.10447492553998192
2 40 0.12755465596211604
2 41 0.1602344347157184
2 42 0.1811165138115358
2 43 0.033609253431560134
2 44 0.148722551716921
2 45 0.08822651786638747
2 46 0.019004388973057902
2 47 0.09590954555214569
3 4 0.29267257955670933
3 5 0.21462950924566926
3 6 0.24316331945269226
3 7 0.21863426328613506
3 8 0.2934339800484387
3 9 0.312442815385387
3 10 0.17416160919056312
3 11 0.21652462591381294
3 12 0.15304612918529809
3 13 0.0929551350105262
3 14 0.14581243873921493
3 15 0.08419536688002802
3 16 0.14867362493526975
3 17 0.19362051889043705
3 18 0.06680968935896128
3 19 0.1001561197035443
3 20 0.19397281622786156
3 21 0.11506202195145289
3 22 0.24605978612358753
3 23 0.07522373825720809
3 24 0.16829216592705068
3 25 0.1842279892784266
3 26 0.20482213214679063
3 27 0.24393023312179196
3 28 0.2000140984698295
3 29 0.16757134575111263
3 30 0.17214202261471878
3 31 0.05156171384537056
3 32 0.15047033991663222
3 33 0.23627613852477888
3 34 0.09619586388064388
3 35 0.17914572685746022
3 36 0.20024331396582679
3 37 0.19054569077233136
3 38 0.1533778845416769
3 39 0.1052607116696944
3 40 0.13320413917625115
3 41 0.16918745065092627
3 42 0.20682556500227914
3 43 0.04396394968077299
3 44 0.18709007649402462
3 45 0.09682671006087203
3 46 0.026473446070781923
3 47 0.10104745173080754
4 5 0.25321816801468866
4 6 0.32749021444480086
4 7 0.22020001345541895
4 8 0.26096267648474913
4 9 0.302680122522158
4 10 0.22327806130645572
4 11 0.2316848340524193
4 12 0.12970006651516214
4 13 0.08400493370826105
4 14 0.19569749042040144
4 15 0.11435932087149063
4 16 0.29599725082853395
4 17 0.21653827037527676
4 18 0.08797672737452773
4 19 0.12778974381231784
4 20 0.19982734284905748
4 21 0.09403143550182748
4 22 0.20053404852016118
4 23 0.12001181151706465
4 24 0.2147569102573042
4 25 0.20152764207674365
4 26 0.20200866069544685
4 27 0.27486748668510136
4 28 0.2021448912864842
4 29 0.14623793247785064
4 30 0.24388258060542337
4 31 0.02423103931412658
4 32 0.16917560603333098
4 33 0.2106705480721331
4 34 0.10329680060886977
4 35 0.18791678226645508
4 36 0.22528726917442365
4 37 0.1971913764165265
4 38 0.16334311960405815
4 39 0.11229068357267624
4 40 0.10039157956563566
4 41 0.19095325557477186
4 42 0.18125858740389167
4 43 0.035123887795745073
4 44 0.18206248123838445
4 45 0.08752811401385546
4 46 0.016842635656585093
4 47 0.11092949827177442
5 6 0.2732777923720828
5 7 0.23743882591126753
5 8 0.3483017791108781
5 9 0.2423644747700475
5 10 0.1305787195765891
5 11 0.20468576355365042
5 12 0.13993043501821334
5 13 0.06457206491176425
5 14 0.14423448043157655
5 15 0.1137097515103491
5 16 0.12979655645381977
5 17 0.10426361933201979
5 18 0.05713706525304515
5 19 0.08677565168898577
5 20 0.09401701157038428
5 21 0.0936824425555729
5 22 0.12101519464871617
5 23 0.13824852969530052
5 24 0.10507799314341291
5 25 0.13221907593658228
5 26 0.18778911267767195
5 27 0.17711174451246817
5 28 0.196723410415611
5 29 0.14230654904481754
5 30 0.26102212737275066
5 31 0.035109149584194886
5 32 0.1100548423876675
5 33 0.16091913818643425
5 34 0.11868184340922164
5 35 0.18725015949318802
5 36 0.18622605765237
5 37 0.16585375697631496
5 38 0.1147632279941793
5 39 0.1064810338147719
5 40 0.07782351915672567
5 41 0.13721006400205837
5 42 0.1615011808378049
5 43 0.06583954833413165
5 44 0.14621280626926134
5 45 0.09248765662574189
5 46 0.026004842947792848
5 47 0.13436726037654403
6 7 0.27726688008518474
6 8 0.35914686954861585
6 9 0.3805545088183604
6 10 0.2443010199392814
6 11 0.3037166422253562
6 12 0.1997643057489121
6 13 0.1232445863444278
6 14 0.2656579854531754
6 15 0.09334712691945335
6 16 0.25498723213969876
6 17 0.2136198019493842
6 18 0.12956580349414137
6 19 0.15660434813994586
6 20 0.2106032573128739
6 21 0.12362315724149706
6 22 0.28151156659925153
6 23 0.14621008901071367
6 24 0.20812421008257098
6 25 0.22213704174584714
6 26 0.2817306310739878
6 27 0.3508083271288317
6 28 0.2512446767635389
6 29 0.2434235735681994
6 30 0.22069264804419852
6 31 0.024930225829409503
6 32 0.16398091438445264
6 33 0.25840026341739136
6 34 0.0805063096360157
6 35 0.27469670411278585
6 36 0.2472977149728981
6 37 0.2753875619095336
6 38 0.21865626353585896
6 39 0.1381271223522727
6 40 0.14102000291007225
6 41 0.25599316634935165
6 42 0.2514950163701014
6 43 0.055248099242545
6 44 0.2186868512475565
6 45 0.09591430444044775
6 46 0.01655591019510563
6 47 0.14954775671229173
7 8 0.4077726104345166
7 9 0.3360925497432539
7 10 0.24548690353160146
7 11 0.27134611323642177
7 12 0.23732406132073375
7 13 0.12530467626917208
7 14 0.4817947829386321
7 15 0.16093676001242355
7 16 0.16776644026369528
7 17 0.1744403579830859
7 18 0.07220645873912995
7 19 0.14766229942883607
7 20 0.15201954047493452
7 21 0.12606340735320384
7 22 0.24709199876633922
7 23 0.19291534360023227
7 24 0.22056804418272452
7 25 0.1967220514043656
7 26 0.2408078692960481
7 27 0.3119042240812198
7 28 0.19146652727899374
7 29 0.2361089759863471
7 30 0.16943320702741202
7 31 0.060351542217568374
7 32 0.18234341920620012
7 33 0.26041446094009363
7 34 0.09382436505268867
7 35 0.25575917091551625
7 36 0.25006367583073785
7 37 0.22290015697197035
7 38 0.19542626053453813
7 39 0.12174084492597469
7 40 0.13076689307812392
7 41 0.25316879562470207
7 42 0.21520803181029083
7 43 0.06332006490839025
7 44 0.22672044177486636
7 45 0.09798713011795697
7 46 0.024650030692836257
7 47 0.15447669006635148
8 9 0.6010374091236448
8 10 0.2714787753022938
8 11 0.3543971641537681
8 12 0.3083226121215827
8 13 0.1480187465789934
8 14 0.266002205751734
8 15 0.15913987050994113
8 16 0.2497567318629416
8 17 0.2882890859717295
8 18 0.1413667949064709
8 19 0.18268758061879323
8 20 0.29881536794390856
8 21 0.17738276255354285
8 22 0.4024153288279122
8 23 0.21240381359716842
8 24 0.2385674349822948
8 25 0.33682873931690316
8 26 0.4366902709822757
8 27 0.4823346414745501
8 28 0.3914627625011189
8 29 0.3457038847077764
8 30 0.3226817785696435
8 31 0.06426204724038832
8 32 0.24560191148194402
8 33 0.35962911995533475
8 34 0.16226201787840444
8 35 0.3238572678943177
8 36 0.43014248983500486
8 37 0.3462974657942585
8 38 0.2762839665333454
8 39 0.19328405280174077
8 40 0.22192455776830072
8 41 0.3122491084222876
8 42 0.35130533589880203
8 43 0.07481936510234832
8 44 0.36763618193044206
8 45 0.22315239531815356
8 46 0.029357925162094522
8 47 0.1966789230049274
9 10 0.3187246011930708
9 11 0.4930586217398608
9 12 0.3296002128141746
9 13 0.1669339716243328
9 14 0.29604057886837104
9 15 0.24628957349895295
9 16 0.30366517437015234
9 17 0.3027083151331644
9 18 0.1487968407969397
9 19 0.25013094996966284
9 20 0.320534412003917
9 21 0.212542987207621
9 22 0.4255338161291573
9 23 0.2549382346828903
9 24 0.313209771466476
9 25 0.42330509427890906
9 26 0.49533833128482607
9 27 0.5057728579072991
9 28 0.39059670087899606
9 29 0.39164501339965907
9 30 0.4219513425493324
9 31 0.0323589995227111
9 32 0.2992594861915073
9 33 0.4712527594803855
9 34 0.21818526793359924
9 35 0.38525217942911794
9 36 0.45896033311595336
9 37 0.43697916522001456
9 38 0.3174168106282858
9 39 0.2674088583984397
9 40 0.2127383016327715
9 41 0.34532441539259073
9 42 0.3653405955662248
9 43 0.07046871512182065
9 44 0.38308628952263446
9 45 0.2950104552820176
9 46 0.022843451434895017
9 47 0.24163783969301303
10 11 0.3026416128696407
10 12 0.20373971252051995
10 13 0.10596122140940228
10 14 0.2022477513428298
10 15 0.09628720737422733
10 16 0.1776582825766213
10 17 0.19010788168451426
10 18 0.08306696745985316
10 19 0.10324900350965749
10 20 0.18456676208921077
10 21 0.11145316915735677
10 22 0.2586338850019397
10 23 0.12326217083628414
10 24 0.19680523643653403
10 25 0.1994555275420793
10 26 0.24222972361867137
10 27 0.24714228667235724
10 28 0.2355362892624493
10 29 0.2049980964419657
10 30 0.14642462173446777
10 31 0.025198513189063205
10 32 0.15349647537317576
10 33 0.22417271229448488
10 34 0.07156291461597948
10 35 0.2296915847389611
10 36 0.19403330110699035
10 37 0.22290556222512625
10 38 0.16864567779602663
10 39 0.12628860193456765
10 40 0.12360463528104426
10 41 0.18935064305872404
10 42 0.22936486005925374
10 43 0.0491566512545443
10 44 0.2209789723734893
10 45 0.12535507684608807
10 46 0.026308260646085577
10 47 0.1025008392450383
11 12 0.3270264583875769
11 13 0.1414597266255234
11 14 0.25791855399989855
11 15 0.1438160050349091
11 16 0.2113481684053552
11 17 0.24585570157942255
11 18 0.08767264421253816
11 19 0.12853742377137048
11 20 0.28963613031261254
11 21 0.164816687104236
11 22 0.29133563126672346
11 23 0.21348824356104684
11 24 0.264227437941724
11 25 0.2586376677748343
11 26 0.3440905817011246
11 27 0.3898158348680069
11 28 0.3195378291803831
11 29 0.32797818016662195
11 30 0.3111877757679692
11 31 0.02381660839527869
11 32 0.2586566820497372
11 33 0.33310686959821056
11 34 0.1356963958080667
11 35 0.25080687292076326
11 36 0.3434014568868014
11 37 0.304695888001825
11 38 0.2686187835327602
11 39 0.15456917672885126
11 40 0.17345191639499938
11 41 0.2779393945129213
11 42 0.2853054033630681
11 43 0.0809354385228565
11 44 0.28316944155646734
11 45 0.20197092945740203
11 46 0.027623050093446625
11 47 0.15673834857735547
12 13 0.13530130046074737
12 14 0.20578265322129272
12 15 0.13341150062114848
12 16 0.15753645215889572
12 17 0.18241953545303696
12 18 0.07111154798483009
12 19 0.09016333630188147
12 20 0.20144733598806683
12 21 0.11665642237889155
12 22 0.223328137913992
12 23 0.11246584960338375
12 24 0.10764154943167556
12 25 0.1499750841358665
12 26 0.25476975564839915
12 27 0.27996266200188036
12 28 0.20127120754985522
12 29 0.19265952432280653
12 30 0.28337446490039886
12 31 0.015113432436204215
12 32 0.18595768437128737
12 33 0.2376280134167146
12 34 0.11898202721770339
12 35 0.18903826216950434
12 36 0.21769277660551878
12 37 0.20954656041555672
12 38 0.19479109306583078
12 39 0.14691101867161419
12 40 0.1824616713517158
12 41 0.20404991380565293
12 42 0.2159617551470164
12 43 0.043352511385571155
12 44 0.29919050859060237
12 45 0.17435847370142038
12 46 0.01839999978275586
12 47 0.14023447400399716
13 14 0.11262371162824523
13 15 0.12392447693646853
13 16 0.14476011862368954
13 17 0.1573512902589057
13 18 0.05941953214224357
13 19 0.045274586275368976
13 20 0.12011910073973307
13 21 0.08355182368157471
13 22 0.1358794100003041
13 23 0.12058147021646372
13 24 0.138327716109694
13 25 0.11406764388431646
13 26 0.1684216294493783
13 27 0.14897905659409563
13 28 0.11865956080471037
13 29 0.1049287449064467
13 30 0.14701871186056942
13 31 0.026688031316308522
13 32 0.16816491928165234
13 33 0.1891037440381231
13 34 0.16358716220030867
13 35 0.1103623015866926
13 36 0.18751810240378208
13 37 0.1138614283456668
13 38 0.12249551153419275
13 39 0.07117847744233571
13 40 0.05667626265610931
13 41 0.12588897620923073
13 42 0.10685398008687873
13 43 0.07313766704499451
13 44 0.12724588918522928
13 45 0.1623627742844348
13 46 0.04759693681640952
13 47 0.10504008929073336
14 15 0.22550405548731933
14 16 0.19423939793016182
14 17 0.1750811250655975
14 18 0.07382270270544464
14 19 0.13146610918937815
14 20 0.2104700268265496
14 21 0.1414096751107086
14 22 0.23009072446801723
14 23 0.12264919672917109
14 24 0.2088152611207165
14 25 0.2181123938256644
14 26 0.24899291181339558
14 27 0.3132834835769758
14 28 0.1978826031154146
14 29 0.24775999022705028
14 30 0.25333265264940885
14 31 0.03938154139855978
14 32 0.1725200833645517
14 33 0.2534902773693468
14 34 0.09126222028495422
14 35 0.2396671297117898
14 36 0.2744076835447499
14 37 0.25487038736726986
14 38 0.21479299413011763
14 39 0.15495271142780812
14 40 0.12373380270551369
14 41 0.18619000653153459
14 42 0.22166101216562706
14 43 0.050512783438899755
14 44 0.2313500817227967
14 45 0.11349741100080499
14 46 0.013425807776910634
14 47 0.12415112090298498
15 16 0.13668252160216043
15 17 0.13342138568804815
15 18 0.04618181654614547
15 19 0.10254603397516171
15 20 0.16058632796233946
15 21 0.3162089421880617
15 22 0.15221363096162369
15 23 0.09386044770311666
15 24 0.12323373379446967
15 25 0.15373689953659117
15 26 0.16608764131886286
15 27 0.2235463088403361
15 28 0.2141461667474459
15 29 0.1959284487936975
15 30 0.1761088849803356
15 31 0.03205319965697645
15 32 0.18799832456061166
15 33 0.18208737755564794
15 34 0.21269901370033623
15 35 0.1447552876630797
15 36 0.2495269654286631
15 37 0.18583019307663123
15 38 0.17296519828677595
15 39 0.13250157211862346
15 40 0.09437321968640838
15 41 0.1462315247228189
15 42 0.1682994469115112
15 43 0.04926237601479863
15 44 0.19685196670634758
15 45 0.2452756499244114
15 46 0.030424665799724266
15 47 0.10874321937759684
16 17 0.28022110735274774
16 18 0.14978096065059962
16 19 0.23423233829237108
16 20 0.21134629345819952
16 21 0.08691162263838417
16 22 0.29912048209787495
16 23 0.18295813989922377
16 24 0.22355256267915505
16 25 0.20104905616506386
16 26 0.31094485106496395
16 27 0.3369709405158254
16 28 0.24535338564474776
16 29 0.21390043392568844
16 30 0.2394642120669662
16 31 0.035954262726170645
16 32 0.17964324864569148
16 33 0.28918013863398895
16 34 0.10096482612042618
16 35 0.24464271096361326
16 36 0.4103496221907433
16 37 0.27457106591495767
16 38 0.2297435517574151
16 39 0.14282012852436962
16 40 0.14210949423101574
16 41 0.26048845383091923
16 42 0.2628418356341433
16 43 0.06232201235879941
16 44 0.21871833424166576
16 45 0.13328661817962092
16 46 0.012503938813403458
16 47 0.1521974130996036
17 18 0.0928848073200742
17 19 0.1559651895685649
17 20 0.23833332808148336
17 21 0.1752217799372639
17 22 0.26274776618507545
17 23 0.2017233177978989
17 24 0.20579917826805125
17 25 0.23967564415251577
17 26 0.29639948074476624
17 27 0.30198839745611966
17 28 0.2468585576882001
17 29 0.21086472851726462
17 30 0.25518977620794825
17 31 0.026317806175207546
17 32 0.2406509241467681
17 33 0.2995798236402936
17 34 0.13651405520231957
17 35 0.24244535514384533
17 36 0.2859565247509461
17 37 0.25222964741812653
17 38 0.22745110731229243
17 39 0.1851992624039967
17 40 0.16471812938859917
17 41 0.22707931091046252
17 42 0.28018081804395095
17 43 0.051496362290116705
17 44 0.2632121795516496
17 45 0.20793586870932879
17 46 0.0172030418731575
17 47 0.1493310425520395
18 19 0.07404321193854932
18 20 0.09792640048997824
18 21 0.07155952211916684
18 22 0.12581467094267476
18 23 0.08078116890668088
18 24 0.10560879014026266
18 25 0.08665974225719275
18 26 0.13551133705922658
18 27 0.1345287366497367
18 28 0.10108676642057557
18 29 0.12682770674929456
18 30 0.14213748102359922
18 31 0.04281229491108739
18 32 0.07441196934429525
18 33 0.11330918449243707
18 34 0.05002816907038485
18 35 0.11965012891425007
18 36 0.15216102331448353
18 37 0.12950155659361884
18 38 0.08648203344113954
18 39 0.06596678815156953
18 40 0.06541510689759363
18 41 0.12352848069595555
18 42 0.11009231716957009
18 43 0.0397285046325134
18 44 0.09728170639907371
18 45 0.08452764157111267
18 46 0.022733514576001927
18 47 0.05089033377873314
19 20 0.1817117263838208
19 21 0.15509996912268123
19 22 0.20420352912795553
19 23 0.10434613518536022
19 24 0.14587185214699433
19 25 0.17613323456669597
19 26 0.18870433472619916
19 27 0.23519227908297136
19 28 0.17961460953240585
19 29 0.17208698727163574
19 30 0.14172367452794388
19 31 0.025581972487027038
19 32 0.10822531079155183
19 33 0.16088136567157085
19 34 0.1481506252882013
19 35 0.251285478453072
19 36 0.4652172259542546
19 37 0.2575226735691239
19 38 0.18379744109650856
19 39 0.0998713076577148
19 40 0.10160939992657705
19 41 0.21292833825851465
19 42 0.1596275007767863
19 43 0.05787326498205715
19 44 0.16947512082502347
19 45 0.1458491865530227
19 46 0.030613507326301206
19 47 0.12398440168636297
20 21 0.198370592924249
20 22 0.3713865901545153
20 23 0.17827117834979897
20 24 0.2530278788253653
20 25 0.28246502696359704
20 26 0.37052168093241244
20 27 0.3545223128104703
20 28 0.3033796906974345
20 29 0.2812401059410609
20 30 0.2837173095928972
20 31 0.023824565131738775
20 32 0.2295461185644201
20 33 0.3145418266211844
20 34 0.15963022678066804
20 35 0.3414556688525355
20 36 0.4024648777579151
20 37 0.36609255550718794
20 38 0.30940961153604823
20 39 0.23681934333377128
20 40 0.18034947939910953
20 41 0.2696569271351052
20 42 0.3022203093173504
20 43 0.05638827650794828
20 44 0.2554697651894821
20 45 0.193777189424108
20 46 0.021047927376189615
20 47 0.166882871885428
21 22 0.1636949511018204
21 23 0.10715448797456269
21 24 0.10357129869244494
21 25 0.15617290116166924
21 26 0.16930860514901114
21 27 0.21420201023797825
21 28 0.16150132618140334
21 29 0.1576218631927206
21 30 0.1854298213015769
21 31 0.03004755928356235
21 32 0.11278899462343936
21 33 0.2254814619144442
21 34 0.4602794007870651
21 35 0.18438450466789066
21 36 0.2638690470805698
21 37 0.19376997522540854
21 38 0.20043773533395218
21 39 0.1210029049815407
21 40 0.07493549020064669
21 41 0.14285090012767182
21 42 0.14882161642810893
21 43 0.04658230005811972
21 44 0.22551550413218743
21 45 0.3973589998893768
21 46 0.034532247153477566
21 47 0.0898266876868727
22 23 0.18078705801500866
22 24 0.3350890379410457
22 25 0.3339895194342286
22 26 0.43453442358870664
22 27 0.46146883996860044
22 28 0.3834454627723637
22 29 0.36039723234233517
22 30 0.2624053444472295
22 31 0.041693259899803665
22 32 0.32239114997991153
22 33 0.3459189577706202
22 34 0.15831533248805113
22 35 0.49908852807984383
22 36 0.45431192974818135
22 37 0.38298307766655093
22 38 0.3254162903920301
22 39 0.2525254247900906
22 40 0.19011764213935553
22 41 0.3314648590499691
22 42 0.3578107332137954
22 43 0.06184574513522901
22 44 0.3185217118817854
22 45 0.1932234374422509
22 46 0.019501238883054123
22 47 0.19710424750833394
23 24 0.21687348208502907
23 25 0.1726440893489636
23 26 0.2750432899376226
23 27 0.351150036643992
23 28 0.19282561498374418
23 29 0.2100626789041262
23 30 0.17595130185050062
23 31 0.03029594029879833
23 32 0.19655590691895805
23 33 0.18506074619239307
23 34 0.1761769183626499
23 35 0.2791916753922321
23 36 0.24238537496291615
23 37 0.17304668381717883
23 38 0.15209862924551065
23 39 0.06611494807234043
23 40 0.1294596682258288
23 41 0.15459949180940608
23 42 0.22367583623672754
23 43 0.057131478196792235
23 44 0.21545004598414916
23 45 0.2242052146062802
23 46 0.023001500998774137
23 47 0.13304917921729859
24 25 0.3328311408695919
24 26 0.31851796189108783
24 27 0.3950895180640458
24 28 0.28495006357050356
24 29 0.3068215297170711
24 30 0.2778837090348306
24 31 0.031452953728777364
24 32 0.2700248684574579
24 33 0.3615746362651332
24 34 0.13037870598426904
24 35 0.3301550017156762
24 36 0.2996189733422713
24 37 0.27719392213069216
24 38 0.2169538970431068
24 39 0.1727162552448534
24 40 0.15308955844421504
24 41 0.26109532211474074
24 42 0.33626437430312517
24 43 0.052587667604045936
24 44 0.2785757735547821
24 45 0.17514775984087116
24 46 0.023780068584628118
24 47 0.14732764746659316
25 26 0.4384891720351778
25 27 0.53703032541513
25 28 0.29535016597026237
25 29 0.3193907299806201
25 30 0.3590655182600053
25 31 0.05431028587099736
25 32 0.30023363540065434
25 33 0.6256705681008174
25 34 0.20313364670392225
25 35 0.3434317391547509
25 36 0.3919180461259549
25 37 0.34149691363903717
25 38 0.23602798754146773
25 39 0.1787671827639779
25 40 0.1527922966406237
25 41 0.3002425494613951
25 42 0.29640311852060613
25 43 0.05215000028721026
25 44 0.274085230667557
25 45 0.1951946453683643
25 46 0.022247608730949504
25 47 0.175175224197259
26 27 0.5374273727649249
26 28 0.3965547939527585
26 29 0.4355804554996824
26 30 0.37683722953346804
26 31 0.040780745973615126
26 32 0.3449397585187224
26 33 0.4390421323714156
26 34 0.15318619431676186
26 35 0.31625665655411617
26 36 0.43107390308144083
26 37 0.4006543919546875
26 38 0.32501491455657544
26 39 0.20603486804342466
26 40 0.17659381790900502
26 41 0.295583857117224
26 42 0.3697500657552808
26 43 0.05282554430704168
26 44 0.3776987864755545
26 45 0.20855871657848155
26 46 0.015065334562231789
26 47 0.1913066753811837
27 28 0.5068020349818663
27 29 0.49364064894973836
27 30 0.4798688379861155
27 31 0.06551010542757386
27 32 0.46649856153380703
27 33 0.5014327858139815
27 34 0.22971819083459
27 35 0.43187726842204555
27 36 0.5094237510615001
27 37 0.40347556370847015
27 38 0.3113635372907491
27 39 0.25554693593440114
27 40 0.23595137093054042
27 41 0.3948979908116946
27 42 0.425318854718924
27 43 0.06356319569972825
27 44 0.5230556626056653
27 45 0.33908556871580575
27 46 0.021852615097308865
27 47 0.3082743862695423
28 29 0.3790381338037825
28 30 0.4095193850371715
28 31 0.053021953948529425
28 32 0.284884789046606
28 33 0.3419375695067848
28 34 0.22145644169208087
28 35 0.26104101810564057
28 36 0.4054196645022903
28 37 0.31781544131636436
28 38 0.2730722367614506
28 39 0.1536006403252493
28 40 0.14384031928322755
28 41 0.26125706215460026
28 42 0.30007619206173824
28 43 0.0688184584348682
28 44 0.32317740041999093
28 45 0.24090285150964338
28 46 0.03296647111321999
28 47 0.21181444255295376
29 30 0.3244139472987063
29 31 0.07158963223955131
29 32 0.3211858485760723
29 33 0.37675695445892954
29 34 0.19324180465371446
29 35 0.3314217580563178
29 36 0.3618648971546511
29 37 0.3337994275881077
29 38 0.2664540261921731
29 39 0.17668543138691428
29 40 0.15081553484490953
29 41 0.31395005196601744
29 42 0.33781489454768304
29 43 0.08621274395197782
29 44 0.3734180584680933
29 45 0.22786272510600453
29 46 0.047292724851037346
29 47 0.19752150076896016
30 31 0.07858544112278823
30 32 0.28727040842595236
30 33 0.3569870737099381
30 34 0.17101481082548245
30 35 0.31524519877038526
30 36 0.3367965283857865
30 37 0.28899471640624136
30 38 0.24668977055975194
30 39 0.1567630656338464
30 40 0.10556913662692277
30 41 0.25198849352199626
30 42 0.27577982647491983
30 43 0.0533224040613382
30 44 0.3752396288991583
30 45 0.2066014003589337
30 46 0.04201771087609293
30 47 0.23808299400645666
31 32 0.08992873955672848
31 33 0.09636531550238032
31 34 0.08421619316455688
31 35 0.08298605777137903
31 36 0.0843589972298687
31 37 0.08021347800037125
31 38 0.03314549999107817
31 39 0.027120617811107802
31 40 0.03224093300424511
31 41 0.07852204595506503
31 42 0.06859541595707969
31 43 0.055742850568837016
31 44 0.07004627504151706
31 45 0.06471146751898309
31 46 0.058213801680765634
31 47 0.04587781472642195
32 33 0.4018262403605724
32 34 0.1994518367065669
32 35 0.38091321853691307
32 36 0.33807893166335956
32 37 0.30080107338566414
32 38 0.27471193235504426
32 39 0.17854514575622862
32 40 0.18872294520975624
32 41 0.26650093120741825
32 42 0.292142135798673
32 43 0.07521211212617818
32 44 0.3364262183835961
32 45 0.258204537139984
32 46 0.05447592365657741
32 47 0.3029448273667461
33 34 0.2617330023943164
33 35 0.40978771864411034
33 36 0.4732491567872804
33 37 0.4296546127921406
33 38 0.2815946337911502
33 39 0.19432295434832084
33 40 0.20018199281911694
33 41 0.3497780715097014
33 42 0.5992146464297867
33 43 0.10901340332164539
33 44 0.48139370547092847
33 45 0.2717843132340139
33 46 0.06483754313648962
33 47 0.20678333885441563
34 35 0.275872740497909
34 36 0.3976539229056186
34 37 0.22275788643235778
34 38 0.24417159433286154
34 39 0.12080442817807804
34 40 0.12329998064918025
34 41 0.18265259650493046
34 42 0.2441153180992634
34 43 0.08497058072509103
34 44 0.2908181289353865
34 45 0.7743709436385947
34 46 0.0774286537769061
34 47 0.1390091761313762
35 36 0.5514846031781994
35 37 0.4318933910537126
35 38 0.3861503526463461
35 39 0.23022374369384727
35 40 0.22177197011780597
35 41 0.35914741016366564
35 42 0.5533999333888195
35 43 0.146463918629214
35 44 0.39877086769054915
35 45 0.26052387248427283
35 46 0.06710104687788873
35 47 0.18480791059534796
36 37 0.710204102627232
36 38 0.6477290939791802
36 39 0.42845475566663876
36 40 0.2552607646139903
36 41 0.5759569717320825
36 42 0.4769674259339358
36 43 0.14609117917438397
36 44 0.4548720548470209
36 45 0.4115840456288321
36 46 0.09708888770432161
36 47 0.24134733732556457
37 38 0.5583479313886913
37 39 0.48901065511900005
37 40 0.35852305829822934
37 41 0.43285745768599343
37 42 0.4227386682874421
37 43 0.1424223995311804
37 44 0.38835039293464546
37 45 0.272032619449161
37 46 0.08827413391919954
37 47 0.17585014969885152
38 39 0.5626484402108701
38 40 0.3364073491160453
38 41 0.36705879209930636
38 42 0.2892217623468626
38 43 0.06708995512557582
38 44 0.24010142262862325
38 45 0.2518678343999075
38 46 0.0179386112675554
38 47 0.15255512761424334
39 40 0.351764993170793
39 41 0.2667986383885805
39 42 0.2470897091283677
39 43 0.05262300578303142
39 44 0.18111959392018273
39 45 0.15917063265279852
39 46 0.022531939665241515
39 47 0.10120838405129726
40 41 0.35393850917084724
40 42 0.29122183385163974
40 43 0.1326635653486335
40 44 0.22358492597589075
40 45 0.1781009770326108
40 46 0.07223420844075723
40 47 0.08997156730945546
41 42 0.5813222222663139
41 43 0.25247923246220494
41 44 0.45484463568771083
41 45 0.3573934836879853
41 46 0.1919694372236814
41 47 0.1930216369819052
42 43 0.30255835394640535
42 44 0.5755711620019497
42 45 0.4508568832218566
42 46 0.2244368777286849
42 47 0.26747667208933995
43 44 0.3130799813160317
43 45 0.2786479890596161
43 46 0.24463779829124133
43 47 0.1061307128793946
44 45 0.5784713900640597
44 46 0.26235473749622173
44 47 0.23550613486567468
45 46 0.29731403499526615
45 47 0.21889626064601464
46 47 0.12573315833292475
