34 45 0.7743709436385947
36 37 0.710204102627232
36 38 0.6477290939791802
25 33 0.6256705681008174
8 9 0.6010374091236448
33 42 0.5992146464297867
41 42 0.5813222222663139
44 45 0.5784713900640597
36 41 0.5759569717320825
42 44 0.5755711620019497
38 39 0.5626484402108701
37 38 0.5583479313886913
35 42 0.5533999333888195
35 36 0.5514846031781994
26 27 0.5374273727649249
25 27 0.53703032541513
27 44 0.5230556626056653
27 36 0.5094237510615001
27 28 0.5068020349818663
9 27 0.5057728579072991
27 33 0.5014327858139815
22 35 0.49908852807984383
9 26 0.49533833128482607
27 29 0.49364064894973836
9 11 0.4930586217398608
37 39 0.48901065511900005
8 27 0.4823346414745501
7 14 0.4817947829386321
33 44 0.48139370547092847
27 30 0.4798688379861155
36 42 0.4769674259339358
33 36 0.4732491567872804
9 33 0.4712527594803855
27 32 0.46649856153380703
19 36 0.4652172259542546
22 27 0.46146883996860044
21 34 0.4602794007870651
9 36 0.45896033311595336
36 44 0.4548720548470209
41 44 0.45484463568771083
22 36 0.45431192974818135
42 45 0.4508568832218566
26 33 0.4390421323714156
25 26 0.4384891720351778
9 37 0.43697916522001456
8 26 0.4366902709822757
26 29 0.4355804554996824
22 26 0.43453442358870664
2 3 0.4330706567527398
37 41 0.43285745768599343
